-40
-39
-39
-39
-34
-41
-39
-34
-41
-39
-34
-41
-41
-39
-34
-34
-34
-41
-39
-34
-34
-34
-41
-40
-39
-34
-34
-41
-34
-41
-41
-40
-34
-41
-39
-37
-34
-41
-39
-34
-41
-41
-39
-40
-42
-41
-41
-40
-39
-34
-34
-37
-41
-41
-41
-39
-34
-34
-41
-41
-39
-34
-41
-42
-39
-39
-40
-35
-34
-41
-40
-39
-40
-34
-41
-41
-39
-39
-42
-40
-39
-34
-34
-41
-42
-40
-40
-39
-34
-42
-39
-34
-41
-40
-37
-41
-42
-39
-40
-39
-34
-41
-39
-40
-34
-39
-39
-40
-34
-41
-39
-39
-34
-41
-44
-40
-34
-41
-39
-35
-34
-41
-40
-40
-34
-41
-42
-39
-39
-39
-34
-34
-37
-35
-41
-41
-39
-34
-34
-35
-41
-39
-40
-34
-39
-34
-35
-41
-42
-41
-39
-35
-34
-41
-40
-39
-42
-41
-39
-34
-41
-41
-40
-35
-41
-40
-34
-34
-41
-39
-38
-35
-42
-42
-34
-34
-42
-39
-39
-40
-34
-34
-42
-42
-40
-34
-41
-39
-40
-34
-42
-39
-34
-34
-34
-34
-41
-40
-40
-39
-34
-41
-39
-39
-34
-41
-40
-34
-34
-41
-40
-40
-34
-41
-42
-39
-40
-40
-34
-40
-34
-37
-42
-41
-39
-34
-35
-41
-40
-35
-42
-35
-34
-39
-35
-41
-42
-39
-37
-35
-34
-39
-39
-34
-35
-41
-41
-40
-40
-35
-41
-39
-40
-39
-34
-42
-40
-34
-35
-34
-34
-41
-39
-34
-34
-37
-37
-44
-40
-34
-34
-41
-40
-34
-34
-34
-42
-42
-34
-39
-39
-34
-41
-41
-39
-34
-34
-41
-42
-39
-39
-34
