-34
-34
-48
-40
-40
-40
-35
-46
-34
-44
-40
-34
-34
-47
-47
-40
-40
-34
-46
-40
-40
-34
-34
-46
-40
-40
-34
-47
-47
-40
-34
-47
-40
-40
-34
-44
-40
-40
-40
-40
-35
-47
-40
-40
-34
-35
-46
-47
-47
-40
-34
-46
-44
-40
-34
-46
-47
-46
-40
-35
-34
-34
-47
-40
-34
-38
-47
-40
-34
-47
-47
-47
-40
-35
-37
-47
-40
-40
-40
-34
-37
-34
-44
-47
-40
-40
-35
-34
-47
-40
-40
-35
-47
-46
-40
-40
-40
-34
-47
-47
-40
-40
-34
-37
-40
-38
-47
-46
-40
-37
-35
-40
-40
-40
-40
-34
-44
-47
-40
-37
-44
-34
-34
-38
-34
-40
-40
-34
-35
-46
-40
-34
-40
-34
-35
-40
-34
-44
-40
-40
-37
-34
-37
-47
-40
-40
-40
-37
-47
-44
-40
-40
-34
-34
-46
-40
-40
-35
-47
-40
-34
-47
-40
-40
-35
-34
-34
-44
-40
-40
-40
-40
-40
-37
-47
-47
-47
-40
-40
-40
-34
-47
-40
-35
-34
-45
-44
-40
-38
-35
-44
-47
-47
-40
-40
-40
-35
-47
-47
-40
-35
-34
-47
-40
-38
-47
-47
-45
-47
-40
-34
-35
-44
-40
-40
-37
-47
-40
-34
-34
-47
-40
-35
-48
-40
-40
-40
-34
-47
-47
-40
-40
-38
-46
-40
-38
-38
-35
-44
-40
-34
-39
-35
-47
-40
-34
-47
-47
-47
-40
-40
-47
-40
-40
-40
-40
-34
-44
-40
-34
-34
-34
-47
-41
-34
-34
-34
-47
-40
-34
-34
-47
-40
-37
-35
-35
-47
-40
-46
-41
-40
