-55
-49
-57
-55
-49
-55
-55
-48
-48
-48
-55
-54
-56
-48
-55
-55
-55
-48
-48
-55
-56
-55
-48
-55
-56
-55
-55
-48
-48
-48
-56
-55
-55
-55
-49
-48
-56
-56
-55
-55
-48
-49
-56
-55
-49
-48
-56
-55
-56
-56
-54
-49
-56
-55
-55
-48
-45
-56
-55
-55
-55
-49
-56
-56
-54
-48
-49
-56
-56
-55
-48
-48
-56
-56
-56
-48
-48
-48
-48
-55
-56
-55
-55
-48
-56
-48
-54
-48
-49
-48
-48
-56
-55
-55
-55
-48
-49
-56
-56
-55
-54
-48
-48
-56
-54
-49
-48
-56
-54
-55
-48
-48
-49
-56
-56
-55
-48
-48
-48
-56
-55
-48
-49
-48
-56
-55
-48
-48
-55
-55
-55
-48
-48
-56
-54
-55
-55
-48
-56
-56
-54
-48
-56
-54
-49
-56
-48
-48
-55
-55
-55
-48
-48
-55
-55
-55
-54
-54
-48
-48
-54
-48
-49
-55
-54
-54
-48
-55
-55
-54
-54
-49
-56
-55
-48
-48
-56
-48
-48
-48
-55
-55
-54
-48
-48
-56
-54
-48
-49
-56
-55
-48
-48
-55
-54
-54
-48
-49
-55
-55
-48
-56
-55
-54
-55
-55
-55
-54
-54
-54
-48
-56
-55
-54
-48
-48
-55
-54
-48
-48
-55
-54
-54
-49
-49
-55
-54
-54
-54
-48
-48
-48
-48
-55
-54
-48
-55
-55
-56
-54
-54
-54
-48
-49
-54
-49
-49
-54
-55
-54
-48
-48
-55
-55
-55
-55
-49
-49
-56
-54
-49
-48
-56
-56
-53
-56
-56
-56
-54
-56
-56
-54
-55
