-58
-58
-62
-52
-60
-58
-59
-62
-61
-54
-58
-58
-61
-55
-58
-59
-61
-62
-54
-54
-57
-58
-62
-54
-58
-61
-62
-54
-54
-58
-63
-63
-54
-57
-58
-63
-54
-58
-61
-58
-61
-63
-54
-54
-54
-58
-57
-58
-63
-54
-58
-57
-56
-62
-58
-58
-63
-55
-57
-57
-57
-62
-61
-61
-54
-54
-58
-54
-54
-54
-58
-58
-57
-56
-62
-54
-53
-58
-61
-61
-54
-58
-61
-54
-58
-61
-55
-54
-56
-62
-54
-54
-58
-58
-62
-63
-54
-58
-58
-62
-54
-58
-63
-63
-53
-54
-58
-58
-54
-58
-63
-54
-58
-63
-62
-62
-54
-54
-54
-58
-58
-62
-62
-54
-54
-58
-62
-53
-58
-58
-60
-61
-53
-54
-59
-58
-59
-61
-53
-58
-61
-54
-53
-58
-61
-61
-53
-58
-61
-53
-57
-61
-61
-62
-53
-53
-58
-62
-62
-53
-53
-58
-62
-62
-53
-62
-62
-55
-54
-57
-61
-61
-61
-60
-54
-54
-58
-61
-54
-58
-61
-54
-54
-58
-58
-58
-61
-54
-58
-62
-62
-58
-63
-63
-55
-54
-58
-58
-57
-63
-54
-54
-55
-57
-56
-63
-58
-62
-62
-54
-54
-58
-63
-61
-61
-54
-54
-57
-58
-62
-54
-58
-62
-53
-57
-62
-63
-54
-54
-58
-61
-54
-58
-61
-61
-54
-58
-58
-62
-54
-58
-62
-54
-54
-61
-54
-61
-61
-54
-54
-54
-54
-61
-61
-58
-58
-58
-60
-55
-61
-54
-58
-59
-62
-54
-55
-57
-58
-61
-53
-59
-60
