-60
-57
-55
-61
-69
-58
-61
-63
-62
-60
-58
-63
-64
-56
-59
-67
-71
-62
-62
-58
-65
-61
-61
-58
-67
-61
-60
-61
-56
-67
-60
-58
-58
-58
-66
-61
-62
-59
-68
-60
-59
-68
-65
-59
-60
-59
-69
-69
-60
-59
-70
-60
-62
-57
-56
-57
-67
-70
-61
-60
-59
-67
-60
-60
-59
-58
-60
-60
-58
-64
-64
-60
-57
-58
-65
-64
-64
-64
-60
-58
-64
-64
-64
-60
-60
-58
-58
-64
-59
-59
-59
-58
-66
-59
-57
-57
-57
-65
-59
-60
-64
-64
-63
-59
-58
-58
-58
-58
-58
-58
-65
-65
-65
-59
-58
-58
-66
-60
-60
-58
-58
-65
-59
-59
-58
-60
-58
-58
-65
-60
-59
-65
-65
-65
-60
-58
-58
-66
-59
-58
-58
-58
-69
-60
-57
-69
-65
-64
-57
-57
-68
-58
-61
-72
-68
-69
-60
-58
-58
-63
-59
-60
-58
-57
-57
-68
-68
-61
-58
-67
-61
-62
-57
-58
-66
-66
-66
-61
-58
-66
-66
-61
-57
-57
-61
-61
-57
-67
-67
-61
-57
-58
-66
-66
-66
-67
-61
-57
-58
-58
-66
-65
-66
-60
-61
-58
-67
-66
-60
-58
-66
-61
-57
-57
-66
-61
-61
-58
-66
-61
-61
-57
-66
-61
-66
-61
-57
-57
-60
-61
-58
-58
-66
-60
-58
-57
-57
-66
-67
-61
-60
-58
-58
-68
-66
-65
-66
-60
-58
-58
-67
-66
-61
-60
-58
-67
-60
-60
-58
-58
-67
-60
-58
-66
-66
-66
-66
-60
-58
-67
-68
-60
-60
-67
-67
-58
-58
-68
-62
-56
-59
-75
-59
-59
