-31
-41
-32
-32
-32
-42
-42
-42
-31
-31
-31
-32
-41
-42
-31
-31
-32
-42
-31
-32
-45
-31
-32
-32
-42
-42
-42
-42
-32
-32
-32
-32
-42
-32
-32
-33
-44
-31
-31
-32
-33
-42
-31
-32
-32
-42
-32
-32
-42
-42
-32
-32
-33
-42
-42
-31
-42
-31
-32
-32
-32
-42
-41
-42
-31
-31
-32
-32
-32
-42
-42
-42
-31
-32
-42
-42
-31
-31
-31
-31
-32
-44
-42
-32
-32
-32
-42
-32
-31
-31
-32
-42
-31
-31
-32
-42
-42
-42
-31
-31
-33
-32
-42
-31
-32
-32
-42
-42
-42
-32
-32
-33
-32
-42
-32
-42
-42
-32
-32
-32
-32
-32
-32
-42
-42
-31
-32
-32
-42
-42
-31
-31
-41
-42
-32
-31
-32
-32
-42
-42
-31
-32
-32
-42
-42
-31
-32
-42
-42
-32
-32
-32
-32
-31
-31
-31
-33
-41
-41
-31
-31
-32
-42
-32
-32
-33
-42
-31
-32
-32
-42
-31
-31
-31
-32
-42
-42
-31
-31
-32
-31
-32
-42
-31
-31
-32
-32
-31
-32
-42
-42
-31
-32
-44
-42
-42
-31
-32
-42
-31
-31
-32
-42
-42
-31
-32
-32
-42
-42
-31
-32
-32
-33
-44
-42
-32
-32
-41
-31
-32
-33
-32
-42
-31
-32
-32
-32
-32
-42
-31
-32
-42
-31
-31
-32
-32
-42
-42
-31
-32
-41
-42
-31
-31
-32
-42
-42
-31
-32
-31
-32
-42
-42
-42
-31
-32
-31
-42
-32
-32
-42
-42
-32
-32
-32
-42
-42
-32
-32
-41
-42
-31
-32
-32
-32
-42
-32
-31
-32
-32
-41
