-40
-35
-39
-36
-39
-39
-40
-40
-38
-39
-40
-40
-35
-40
-39
-40
-40
-35
-39
-39
-40
-40
-35
-39
-39
-39
-40
-39
-40
-40
-35
-39
-39
-40
-40
-38
-38
-39
-39
-38
-38
-39
-39
-39
-40
-40
-38
-39
-40
-35
-35
-35
-39
-39
-40
-40
-38
-39
-40
-39
-39
-40
-38
-38
-36
-39
-40
-38
-39
-39
-39
-40
-38
-39
-40
-39
-35
-35
-39
-38
-40
-38
-35
-38
-39
-39
-40
-38
-39
-38
-39
-40
-40
-40
-35
-40
-39
-39
-39
-40
-38
-38
-39
-40
-38
-38
-39
-40
-35
-35
-39
-40
-38
-38
-38
-39
-39
-40
-40
-35
-35
-38
-40
-40
-40
-40
-35
-38
-40
-39
-40
-40
-39
-40
-40
-38
-41
-40
-40
-38
-38
-39
-40
-40
-39
-38
-38
-38
-40
-39
-39
-40
-40
-38
-40
-39
-40
-35
-38
-39
-39
-40
-35
-39
-39
-39
-39
-40
-38
-38
-39
-39
-39
-40
-40
-38
-35
-39
-39
-38
-38
-39
-39
-40
-35
-38
-38
-39
-40
-40
-38
-38
-38
-40
-35
-39
-39
-40
-40
-38
-40
-40
-40
-40
-38
-39
-40
-40
-38
-38
-40
-38
-35
-35
-38
-38
-40
-40
-38
-38
-38
-39
-40
-35
-38
-39
-40
-40
-40
-38
-38
-36
-40
-38
-38
-39
-39
-39
-38
-38
-39
-40
-38
-35
-38
-39
-40
-40
-38
-39
-39
-39
-35
-38
-38
-39
-38
-38
-40
-40
-40
-35
-39
-38
-39
-40
-38
-38
-38
-38
-39
-38
-40
-38
-38
-39
-40
-40
-38
-38
-39
-40
-38
-38
-39
-40
-40
-40
-38
-38
-39
-40
-40
-40
-38
-35
-39
-38
-38
