-39
-38
-41
-38
-39
-38
-39
-41
-41
-39
-39
-39
-41
-40
-39
-42
-39
-38
-39
-41
-39
-39
-39
-39
-41
-42
-44
-41
-39
-39
-39
-39
-39
-41
-41
-42
-39
-39
-39
-39
-41
-42
-39
-39
-39
-39
-39
-41
-41
-39
-38
-41
-41
-41
-39
-39
-39
-39
-41
-41
-41
-39
-39
-39
-39
-41
-39
-39
-41
-41
-39
-39
-39
-39
-41
-39
-39
-39
-41
-41
-39
-39
-39
-41
-39
-39
-41
-39
-39
-41
-39
-39
-39
-41
-39
-39
-39
-39
-41
-41
-41
-39
-39
-39
-39
-39
-39
-39
-41
-41
-39
-39
-40
-39
-41
-41
-41
-39
-39
-40
-41
-39
-39
-39
-41
-39
-39
-39
-39
-41
-39
-39
-39
-41
-41
-39
-39
-41
-41
-39
-41
-39
-41
-39
-39
-39
-41
-39
-39
-39
-39
-41
-39
-39
-41
-41
-39
-39
-40
-41
-41
-41
-41
-39
-40
-41
-41
-39
-40
-39
-41
-41
-39
-39
-41
-39
-39
-39
-39
-41
-41
-39
-39
-39
-39
-41
-39
-39
-39
-39
-41
-39
-39
-39
-41
-39
-39
-39
-39
-39
-39
-39
-39
-41
-41
-39
-39
-40
-41
-39
-39
-39
-41
-41
-41
-39
-39
-39
-39
-39
-41
-39
-39
-39
-39
-41
-41
-41
-39
-39
-39
-41
-39
-39
-39
-40
-41
-39
-39
-39
-39
-41
-41
-41
-41
-39
-39
-39
-41
-39
-39
-41
-41
-39
-39
-39
-39
-41
-41
-41
-41
-39
-39
-41
-41
-39
-41
-41
-39
-39
-39
-41
-39
-39
-39
-39
-41
-39
-39
