-47
-51
-65
-63
-48
-48
-49
-52
-64
-64
-49
-48
-51
-51
-63
-48
-51
-51
-63
-64
-48
-51
-51
-51
-61
-62
-62
-48
-49
-48
-51
-61
-61
-61
-49
-48
-51
-62
-48
-48
-48
-48
-51
-62
-48
-51
-51
-63
-49
-48
-49
-48
-51
-62
-48
-48
-51
-51
-62
-64
-49
-51
-51
-51
-64
-48
-49
-48
-51
-51
-51
-63
-63
-64
-49
-48
-51
-50
-65
-64
-49
-49
-51
-64
-64
-48
-48
-51
-66
-65
-48
-48
-51
-65
-64
-64
-48
-50
-64
-48
-48
-48
-51
-65
-48
-49
-51
-50
-64
-65
-49
-49
-51
-64
-64
-49
-48
-51
-50
-64
-64
-64
-64
-48
-51
-50
-50
-50
-65
-48
-51
-63
-49
-48
-48
-51
-51
-60
-49
-49
-51
-51
-51
-51
-62
-48
-51
-51
-61
-48
-51
-61
-61
-49
-51
-62
-62
-61
-61
-48
-51
-51
-52
-62
-48
-48
-51
-51
-51
-61
-62
-51
-52
-61
-49
-49
-51
-51
-62
-62
-49
-49
-51
-61
-48
-51
-62
-61
-48
-51
-61
-62
-61
-48
-51
-51
-61
-48
-49
-51
-51
-62
-48
-48
-48
-51
-51
-61
-61
-61
-61
-62
-49
-48
-51
-51
-61
-48
-48
-51
-61
-48
-48
-48
-51
-60
-61
-48
-48
-48
-51
-52
-61
-61
-48
-48
-52
-51
-61
-61
-60
-61
-48
-52
-51
-60
-48
-48
-51
-52
-59
-60
-59
-48
-51
-60
-60
-48
-51
-51
-60
-49
-49
-48
-51
-60
-49
-51
-51
-60
-52
-51
-51
-60
-60
-48
-48
-48
-51
-60
-48
-48
-52
-51
-59
-48
-49
-52
-52
-60
-58
-48
-52
-51
-60
-48
-51
-50
