-41
-41
-39
-41
-46
-44
-40
-39
-45
-40
-40
-38
-38
-42
-45
-40
-40
-38
-38
-42
-42
-38
-39
-42
-40
-40
-38
-38
-42
-42
-40
-40
-38
-45
-43
-40
-35
-38
-42
-42
-41
-38
-42
-45
-40
-38
-38
-45
-42
-40
-40
-38
-38
-45
-42
-40
-40
-39
-43
-40
-40
-38
-39
-42
-42
-40
-40
-39
-39
-43
-42
-43
-39
-38
-45
-40
-38
-39
-45
-40
-40
-39
-38
-42
-40
-40
-38
-39
-35
-42
-42
-45
-41
-39
-39
-36
-45
-42
-39
-38
-42
-42
-40
-38
-39
-42
-42
-43
-40
-39
-42
-44
-40
-40
-39
-42
-44
-40
-40
-40
-40
-42
-42
-43
-40
-39
-36
-43
-40
-41
-39
-39
-39
-42
-45
-40
-41
-38
-42
-41
-35
-40
-39
-43
-42
-42
-40
-38
-38
-42
-42
-40
-39
-38
-42
-43
-45
-40
-38
-39
-38
-42
-40
-41
-39
-39
-45
-40
-38
-42
-40
-39
-42
-40
-38
-38
-43
-40
-38
-38
-42
-41
-39
-39
-38
-42
-42
-40
-40
-39
-42
-42
-42
-40
-40
-35
-42
-45
-40
-41
-38
-40
-42
-42
-40
-38
-38
-42
-40
-40
-35
-38
-45
-40
-38
-45
-41
-41
-36
-35
-38
-42
-42
-42
-40
-39
-39
-42
-41
-40
-35
-39
-45
-42
-40
-40
-38
-42
-40
-40
-39
-45
-42
-40
-40
-38
-39
-42
-40
-40
-41
-39
-36
-42
-42
-38
-44
-42
-42
-41
-38
-39
-38
-42
-40
-40
-39
-42
-42
-40
-38
-42
-41
-40
-39
-42
-40
-40
-39
-42
-42
-40
-38
-39
-42
-40
-36
-43
-38
-38
