-42
-45
-42
-46
-42
-43
-43
-43
-43
-42
-42
-43
-45
-42
-43
-43
-46
-43
-43
-43
-43
-43
-43
-43
-43
-43
-42
-45
-42
-42
-42
-42
-42
-43
-42
-42
-43
-42
-43
-43
-43
-43
-43
-42
-43
-43
-42
-42
-43
-42
-46
-46
-41
-42
-43
-43
-42
-42
-42
-43
-43
-42
-42
-45
-45
-42
-42
-45
-42
-43
-42
-42
-45
-43
-42
-43
-43
-43
-43
-42
-43
-45
-43
-42
-42
-43
-42
-45
-43
-43
-42
-42
-46
-42
-45
-45
-43
-45
-43
-45
-45
-45
-43
-43
-43
-43
-43
-43
-42
-43
-43
-43
-43
-43
-43
-43
-43
-43
-42
-43
-42
-43
-43
-43
-42
-42
-42
-43
-43
-43
-42
-43
-43
-42
-42
-43
-45
-43
-43
-42
-42
-42
-43
-42
-43
-42
-43
-43
-43
-42
-42
-43
-43
-42
-45
-43
-43
-42
-42
-44
-45
-43
-42
-42
-42
-42
-43
-43
-42
-42
-42
-43
-45
-43
-43
-43
-43
-42
-43
-42
-43
-43
-43
-43
-42
-43
-43
-43
-43
-42
-42
-42
-43
-42
-43
-43
-42
-42
-43
-43
-45
-43
-42
-43
-45
-43
-42
-45
-43
-43
-42
-43
-42
-42
-42
-43
-42
-43
-42
-45
-42
-42
-45
-45
-45
-43
-42
-42
-42
-43
-43
-43
-43
-43
-43
-43
-42
-42
-43
-43
-43
-44
-43
-45
-45
-43
-42
-43
-43
-45
-43
-43
-43
-43
-42
-42
-45
-43
-43
-43
-46
-45
-45
-43
-43
-45
-43
-45
-43
-42
-45
-43
-43
-42
-45
-43
-45
-43
-43
-46
-43
-43
-43
-43
-42
-42
-42
-42
-43
-43
-46
-45
-42
-46
