-43
-43
-49
-42
-43
-45
-49
-49
-49
-43
-43
-49
-46
-46
-43
-43
-50
-49
-49
-43
-43
-42
-43
-43
-45
-49
-43
-42
-42
-49
-49
-43
-46
-43
-42
-50
-50
-43
-43
-45
-49
-49
-46
-43
-43
-43
-49
-43
-46
-42
-46
-49
-49
-49
-46
-43
-46
-43
-46
-49
-49
-43
-43
-42
-49
-49
-43
-45
-43
-42
-49
-49
-43
-43
-43
-46
-50
-49
-43
-42
-42
-49
-44
-43
-46
-42
-43
-42
-49
-43
-43
-49
-49
-49
-46
-45
-43
-50
-43
-43
-43
-43
-42
-43
-42
-49
-46
-46
-43
-43
-43
-49
-43
-43
-50
-50
-49
-46
-43
-42
-49
-49
-43
-46
-46
-42
-43
-42
-49
-50
-43
-43
-43
-49
-43
-43
-43
-49
-49
-43
-43
-43
-50
-43
-43
-43
-49
-43
-46
-42
-43
-50
-43
-42
-49
-49
-49
-43
-43
-42
-42
-49
-43
-46
-42
-43
-49
-46
-42
-49
-46
-43
-43
-43
-42
-43
-42
-50
-50
-43
-42
-42
-42
-49
-46
-42
-49
-46
-46
-43
-42
-49
-43
-46
-46
-43
-49
-49
-46
-43
-43
-49
-49
-43
-46
-42
-49
-49
-43
-43
-42
-42
-49
-43
-43
-49
-49
-43
-43
-43
-43
-50
-49
-43
-43
-43
-49
-46
-43
-43
-42
-42
-43
-43
-49
-46
-43
-43
-43
-45
-42
-49
-49
-50
-49
-46
-43
-49
-49
-46
-43
-46
-43
-43
-45
-49
-46
-42
-50
-50
-46
-45
-49
-49
-49
-49
-43
-43
-42
-49
-43
-42
-49
-49
-49
-43
-46
-42
-49
-49
-43
-43
-43
-42
-49
-43
-43
-43
-43
-43
-43
-43
-49
-43
-46
-43
-49
-48
-43
-43
