-51
-53
-50
-52
-50
-50
-50
-51
-52
-50
-51
-50
-50
-51
-50
-50
-50
-50
-50
-50
-51
-50
-50
-50
-51
-51
-50
-51
-51
-51
-51
-51
-51
-51
-51
-50
-50
-51
-50
-51
-50
-50
-51
-51
-50
-50
-50
-51
-50
-50
-50
-50
-51
-51
-50
-52
-50
-50
-50
-51
-50
-50
-51
-51
-50
-50
-50
-51
-51
-50
-50
-51
-51
-50
-50
-51
-51
-50
-50
-50
-51
-50
-50
-50
-51
-50
-50
-51
-51
-51
-50
-51
-51
-51
-51
-51
-51
-51
-50
-51
-51
-51
-51
-50
-50
-51
-51
-51
-51
-51
-51
-51
-51
-51
-50
-51
-51
-51
-50
-50
-51
-51
-51
-50
-51
-50
-51
-51
-51
-51
-51
-51
-51
-51
-51
-51
-50
-51
-50
-50
-51
-51
-51
-51
-50
-51
-51
-51
-51
-51
-50
-50
-50
-50
-51
-50
-50
-50
-51
-51
-50
-50
-50
-50
-50
-50
-51
-50
-50
-51
-50
-50
-51
-51
-51
-50
-50
-50
-51
-51
-51
-50
-51
-50
-50
-51
-50
-50
-51
-50
-50
-51
-51
-50
-51
-50
-50
-50
-51
-50
-51
-51
-51
-51
-51
-51
-51
-50
-50
-50
-51
-51
-51
-51
-51
-51
-50
-51
-51
-51
-51
-51
-51
-51
-51
-50
-50
-50
-51
-51
-50
-51
-51
-50
-50
-51
-51
-50
-50
-50
-50
-51
-51
-50
-51
-50
-51
-50
-51
-50
-51
-50
-50
-51
-51
-50
-51
-50
-50
-51
-51
-51
-50
-50
-50
-51
-51
-52
-49
-50
-51
-50
-51
-50
-50
-52
-51
-52
-51
-52
-51
