-58
-54
-54
-56
-51
-51
-58
-55
-55
-51
-58
-54
-53
-50
-57
-56
-51
-52
-58
-55
-54
-50
-58
-60
-55
-55
-51
-50
-56
-56
-51
-51
-57
-54
-55
-50
-58
-54
-55
-54
-52
-58
-59
-54
-50
-59
-58
-59
-53
-50
-51
-60
-54
-51
-51
-61
-53
-53
-53
-50
-50
-60
-57
-57
-53
-55
-50
-56
-52
-53
-50
-50
-58
-52
-52
-49
-49
-58
-57
-57
-54
-54
-50
-58
-53
-53
-52
-49
-49
-59
-58
-58
-50
-58
-58
-55
-54
-50
-59
-59
-53
-54
-58
-54
-50
-50
-60
-53
-49
-59
-59
-59
-53
-51
-50
-59
-52
-53
-53
-53
-50
-58
-58
-58
-54
-50
-50
-50
-60
-54
-54
-50
-51
-59
-59
-59
-59
-54
-54
-50
-59
-59
-54
-50
-50
-59
-58
-54
-50
-51
-59
-54
-54
-54
-50
-60
-54
-54
-50
-50
-50
-50
-58
-60
-54
-50
-51
-51
-59
-58
-54
-57
-58
-54
-54
-51
-58
-59
-54
-52
-50
-51
-58
-59
-54
-54
-54
-50
-51
-50
-58
-58
-58
-58
-54
-54
-50
-50
-50
-58
-55
-51
-51
-50
-57
-55
-55
-55
-51
-58
-58
-54
-50
-50
-51
-58
-58
-54
-50
-58
-54
-50
-58
-58
-54
-50
-50
-50
-59
-59
-54
-50
-59
-59
-55
-50
-50
-58
-58
-58
-53
-50
-50
-51
-50
-59
-54
-50
-50
-59
-54
-54
-49
-50
-58
-54
-54
-51
-50
-58
-58
-58
-53
-51
-59
-58
-51
-51
-51
-58
-59
-59
-54
-51
-51
-50
-58
-59
-59
-60
-55
-50
-50
-58
-55
-50
-50
-58
-60
-49
-54
-60
-55
-53
