-41
-42
-34
-34
-47
-41
-34
-43
-41
-42
-34
-34
-46
-42
-34
-44
-46
-42
-42
-34
-46
-46
-42
-34
-46
-42
-34
-34
-46
-44
-42
-34
-40
-44
-44
-46
-42
-34
-44
-42
-34
-34
-34
-46
-46
-42
-34
-34
-46
-42
-34
-34
-46
-46
-46
-46
-42
-42
-34
-34
-34
-44
-44
-42
-44
-44
-42
-42
-42
-42
-34
-44
-42
-42
-35
-47
-34
-44
-46
-41
-41
-37
-34
-34
-46
-46
-42
-34
-41
-41
-34
-46
-41
-34
-34
-46
-41
-41
-35
-38
-42
-44
-41
-41
-44
-46
-41
-41
-41
-34
-41
-34
-38
-35
-46
-42
-41
-41
-35
-46
-41
-41
-41
-34
-35
-46
-46
-44
-41
-41
-41
-34
-47
-44
-35
-35
-37
-46
-46
-41
-37
-35
-34
-44
-42
-44
-34
-47
-46
-41
-34
-47
-42
-34
-47
-47
-42
-41
-43
-34
-48
-43
-42
-35
-46
-44
-35
-44
-42
-41
-37
-43
-47
-47
-41
-41
-37
-46
-41
-42
-34
-44
-46
-41
-35
-47
-41
-41
-35
-47
-47
-40
-40
-40
-34
-34
-48
-41
-34
-48
-42
-42
-34
-37
-34
-48
-47
-43
-35
-47
-45
-34
-34
-35
-44
-42
-43
-34
-47
-44
-42
-34
-38
-34
-46
-42
-42
-42
-35
-34
-47
-42
-34
-47
-46
-47
-47
-42
-34
-44
-48
-47
-46
-41
-34
-46
-47
-41
-42
-34
-34
-34
-35
-37
-34
-44
-34
-46
-42
-37
-44
-47
-41
-41
-35
-34
-44
-47
-47
-46
-46
-41
-34
-34
-46
-41
-34
-35
-38
