-40
-40
-40
-35
-39
-39
-40
-38
-38
-38
-35
-39
-39
-40
-40
-38
-38
-39
-39
-40
-35
-39
-39
-40
-40
-38
-38
-39
-40
-40
-38
-35
-39
-40
-38
-40
-39
-40
-40
-35
-38
-39
-39
-38
-39
-39
-39
-40
-38
-38
-38
-39
-39
-39
-39
-40
-40
-38
-38
-38
-39
-39
-40
-40
-38
-38
-38
-40
-39
-39
-35
-35
-39
-41
-41
-38
-39
-40
-38
-39
-40
-41
-38
-40
-39
-39
-40
-35
-38
-38
-39
-41
-38
-38
-38
-39
-42
-41
-38
-39
-41
-41
-39
-40
-38
-38
-39
-39
-40
-38
-39
-41
-40
-38
-39
-39
-40
-40
-40
-35
-39
-41
-38
-38
-40
-40
-40
-40
-38
-39
-39
-39
-40
-40
-38
-39
-39
-40
-38
-39
-40
-41
-40
-38
-35
-39
-39
-39
-40
-42
-40
-40
-35
-39
-40
-40
-35
-39
-39
-40
-38
-39
-40
-40
-35
-38
-39
-39
-41
-41
-40
-40
-40
-40
-41
-38
-38
-38
-39
-39
-40
-38
-39
-39
-40
-40
-35
-39
-40
-38
-39
-40
-35
-39
-40
-41
-38
-38
-38
-39
-40
-40
-40
-40
-38
-35
-38
-38
-40
-41
-35
-38
-38
-40
-39
-39
-40
-40
-38
-39
-39
-40
-41
-39
-39
-38
-39
-41
-38
-39
-41
-38
-40
-40
-40
-40
-41
-38
-35
-39
-40
-40
-39
-39
-39
-40
-40
-40
-38
-38
-39
-40
-37
-35
-35
-38
-35
-40
-39
-39
-40
-38
-39
-40
-40
-38
-35
-39
-40
-40
-40
-35
-39
-40
