-42
-40
-40
-40
-41
-40
-41
-42
-41
-42
-41
-40
-40
-41
-41
-39
-40
-40
-41
-41
-41
-40
-40
-41
-41
-40
-41
-41
-39
-40
-40
-41
-40
-41
-40
-42
-40
-40
-41
-41
-39
-40
-42
-41
-40
-40
-41
-41
-40
-40
-40
-41
-40
-41
-40
-40
-40
-41
-42
-41
-40
-39
-41
-42
-41
-40
-40
-41
-41
-40
-40
-41
-40
-42
-41
-41
-40
-40
-40
-41
-41
-40
-41
-41
-41
-40
-41
-41
-42
-39
-40
-40
-41
-40
-40
-41
-42
-41
-40
-41
-41
-40
-40
-41
-41
-41
-42
-41
-41
-40
-41
-41
-40
-40
-40
-41
-42
-41
-41
-43
-41
-39
-41
-41
-41
-42
-40
-40
-40
-42
-42
-45
-40
-36
-41
-41
-40
-41
-41
-42
-40
-41
-41
-41
-41
-41
-40
-40
-41
-41
-43
-41
-40
-40
-40
-41
-41
-41
-42
-41
-41
-41
-41
-40
-40
-42
-41
-40
-41
-41
-41
-40
-41
-40
-41
-40
-40
-41
-41
-40
-39
-41
-41
-41
-41
-40
-39
-40
-41
-41
-41
-40
-40
-40
-41
-40
-41
-41
-40
-41
-40
-40
-41
-40
-42
-41
-41
-41
-41
-41
-41
-41
-41
-40
-41
-41
-41
-41
-41
-41
-41
-41
-40
-41
-41
-40
-41
-42
-42
-41
-40
-41
-41
-41
-40
-42
-40
-40
-41
-41
-40
-41
-40
-41
-41
-40
-40
-41
-42
-41
-40
-42
-42
-39
-39
-39
-41
-42
-42
-41
-42
-40
-41
-41
-42
-45
-42
-40
-39
-40
-41
-41
-42
-41
-42
