-50
-50
-44
-52
-52
-52
-49
-49
-50
-49
-48
-47
-51
-52
-44
-44
-51
-50
-50
-50
-46
-50
-50
-50
-43
-44
-50
-50
-49
-46
-50
-51
-50
-50
-50
-46
-43
-44
-50
-49
-43
-51
-49
-43
-44
-49
-49
-48
-50
-49
-45
-47
-50
-49
-50
-50
-50
-47
-50
-50
-48
-47
-50
-49
-49
-47
-47
-47
-45
-49
-48
-49
-48
-49
-46
-50
-49
-47
-49
-50
-49
-47
-44
-49
-44
-44
-49
-49
-48
-50
-50
-50
-49
-45
-50
-49
-50
-48
-49
-50
-50
-49
-50
-50
-49
-48
-50
-49
-48
-50
-51
-48
-49
-50
-44
-50
-50
-50
-50
-44
-44
-50
-49
-42
-51
-51
-48
-50
-45
-49
-49
-49
-43
-52
-52
-48
-43
-52
-48
-49
-43
-50
-49
-49
-49
-47
-50
-49
-47
-51
-50
-47
-50
-49
-44
-50
-50
-50
-44
-51
-52
-50
-46
-44
-51
-50
-49
-44
-45
-47
-50
-48
-46
-51
-50
-51
-49
-49
-48
-46
-50
-50
-50
-45
-51
-51
-50
-50
-52
-51
-50
-52
-48
-48
-51
-50
-51
-51
-48
-50
-51
-49
-47
-50
-50
-50
-51
-44
-44
-48
-49
-50
-47
-50
-50
-51
-45
-47
-50
-51
-51
-48
-45
-50
-50
-45
-50
-50
-50
-49
-49
-51
-50
-50
-49
-48
-46
-47
-51
-51
-50
-49
-49
-47
-50
-49
-44
-51
-50
-48
-50
-48
