-47
-57
-56
-56
-45
-45
-47
-57
-47
-45
-47
-56
-47
-48
-47
-55
-56
-47
-48
-48
-48
-44
-45
-55
-56
-55
-46
-47
-46
-55
-47
-47
-47
-44
-47
-45
-55
-55
-48
-48
-45
-45
-44
-55
-47
-47
-45
-55
-47
-47
-47
-55
-48
-45
-47
-48
-55
-55
-47
-48
-48
-53
-47
-49
-48
-55
-55
-58
-44
-56
-48
-48
-44
-54
-48
-48
-47
-55
-48
-48
-44
-54
-55
-45
-47
-47
-55
-55
-48
-47
-45
-55
-48
-48
-48
-55
-48
-47
-48
-47
-44
-55
-56
-55
-47
-47
-56
-55
-48
-46
-47
-44
-55
-48
-48
-48
-46
-48
-48
-47
-46
-47
-46
-55
-48
-47
-55
-55
-47
-48
-44
-44
-46
-47
-56
-48
-44
-55
-48
-46
-55
-55
-56
-48
-47
-55
-55
-48
-48
-47
-47
-46
-56
-55
-48
-47
-55
-55
-55
-55
-48
-48
-48
-42
-55
-48
-48
-48
-46
-54
-48
-44
-55
-56
-47
-44
-44
-56
-50
-44
-47
-45
-45
-45
-47
-48
-47
-47
-55
-47
-54
-48
-44
-47
-43
-55
-56
-56
-49
-45
-54
-47
-46
-56
-59
-48
-44
-47
-47
-56
-56
-48
-47
-46
-46
-56
-47
-45
-47
-47
-57
-54
-48
-48
-53
-53
-48
-48
-48
-47
-57
-45
-44
-46
-44
-47
-44
-43
-44
-56
-56
-57
-58
-46
-46
-57
-57
-44
-56
-56
-45
-47
-46
-55
-46
-44
-44
-55
-55
-47
-47
-45
-57
-47
-47
-46
-56
-45
-47
-44
-46
-48
-46
-57
-48
-47
-48
-47
-48
-56
-56
-48
-44
-56
-56
-48
