-46
-47
-43
-43
-44
-44
-47
-47
-43
-42
-42
-42
-45
-47
-42
-42
-42
-42
-42
-47
-42
-42
-43
-47
-47
-43
-43
-46
-42
-43
-46
-47
-43
-45
-42
-47
-45
-42
-47
-46
-43
-46
-46
-43
-43
-43
-43
-47
-47
-44
-45
-43
-46
-43
-44
-44
-45
-42
-47
-47
-43
-43
-47
-48
-44
-43
-47
-46
-47
-43
-43
-47
-44
-47
-46
-44
-44
-43
-43
-45
-47
-47
-44
-44
-44
-43
-43
-47
-46
-43
-43
-47
-47
-43
-44
-43
-42
-48
-48
-46
-44
-42
-42
-47
-47
-47
-46
-43
-43
-39
-47
-46
-44
-46
-46
-43
-42
-47
-47
-43
-43
-42
-42
-47
-43
-43
-42
-47
-44
-42
-42
-43
-43
-47
-48
-43
-45
-43
-42
-47
-47
-47
-43
-43
-44
-42
-43
-48
-46
-43
-42
-47
-42
-42
-47
-43
-42
-42
-42
-47
-47
-43
-43
-43
-42
-42
-47
-46
-43
-42
-47
-49
-47
-46
-42
-47
-43
-43
-46
-42
-42
-47
-47
-43
-43
-42
-42
-47
-47
-42
-44
-43
-44
-42
-48
-47
-47
-46
-43
-47
-47
-46
-46
-42
-43
-47
-47
-46
-43
-43
-42
-42
-47
-47
-47
-46
-43
-43
-47
-47
-44
-42
-46
-47
-44
-47
-42
-45
-46
-46
-47
-47
-43
-45
-43
-47
-47
-46
-45
-45
-47
-45
-47
-44
-42
-42
-46
-47
-46
-46
-46
-46
-43
-46
-43
-43
-44
-46
-46
-46
-47
-43
-46
-43
-47
-43
-43
-43
-43
-46
-46
-46
-44
-44
-40
-47
-48
-48
-46
