-43
-43
-41
-41
-42
-42
-42
-45
-43
-43
-42
-41
-43
-43
-41
-42
-43
-43
-41
-41
-42
-43
-43
-43
-42
-42
-45
-43
-42
-42
-43
-41
-44
-43
-45
-42
-43
-45
-43
-43
-42
-43
-43
-42
-43
-43
-44
-46
-42
-42
-46
-43
-44
-42
-42
-43
-44
-46
-44
-43
-43
-41
-43
-43
-43
-43
-41
-42
-42
-44
-42
-41
-43
-43
-46
-43
-43
-41
-43
-46
-43
-41
-41
-42
-45
-43
-44
-46
-41
-41
-43
-43
-42
-42
-41
-43
-42
-43
-43
-42
-41
-42
-42
-41
-42
-43
-43
-45
-43
-43
-41
-41
-42
-42
-43
-43
-41
-42
-42
-43
-43
-41
-42
-45
-46
-42
-46
-43
-41
-41
-43
-43
-44
-43
-43
-41
-41
-43
-46
-45
-45
-42
-41
-43
-44
-42
-41
-43
-43
-43
-42
-41
-43
-42
-41
-41
-45
-43
-46
-46
-42
-42
-43
-42
-42
-44
-43
-46
-41
-41
-44
-46
-44
-41
-41
-46
-46
-42
-41
-41
-42
-42
-43
-42
-41
-46
-44
-45
-42
-46
-43
-43
-42
-41
-41
-43
-41
-43
-43
-43
-43
-41
-43
-43
-43
-44
-43
-42
-41
-41
-45
-46
-42
-42
-42
-42
-43
-44
-42
-42
-41
-43
-43
-43
-43
-42
-42
-43
-42
-42
-43
-43
-42
-42
-43
-42
-42
-43
-42
-41
-47
-42
-41
-42
-41
-44
-44
-46
-43
-42
-46
-44
-42
-42
-46
-46
-42
-43
-44
-44
-47
-41
-46
-44
-41
-41
-46
-47
-46
-44
-40
-41
-46
-44
-41
-44
-44
-41
-41
-46
-46
-46
-46
