-57
-57
-48
-51
-50
-50
-49
-49
-55
-56
-49
-50
-50
-56
-56
-49
-49
-49
-50
-55
-49
-56
-55
-59
-49
-47
-47
-54
-50
-49
-49
-50
-50
-49
-61
-49
-48
-49
-49
-60
-49
-49
-48
-60
-49
-48
-59
-59
-49
-59
-50
-49
-49
-49
-49
-49
-61
-48
-60
-49
-49
-49
-48
-49
-49
-48
-58
-59
-49
-49
-49
-49
-56
-56
-48
-48
-48
-49
-57
-54
-56
-49
-48
-45
-48
-48
-48
-48
-56
-56
-48
-45
-56
-55
-56
-56
-48
-48
-48
-48
-48
-57
-48
-48
-48
-48
-56
-48
-48
-56
-49
-48
-48
-48
-48
-56
-48
-48
-48
-48
-56
-56
-55
-48
-47
-48
-56
-56
-56
-55
-57
-48
-57
-48
-48
-57
-57
-49
-48
-48
-48
-46
-56
-48
-49
-56
-57
-48
-48
-57
-48
-48
-48
-48
-57
-57
-48
-48
-48
-56
-48
-48
-48
-48
-48
-48
-48
-48
-48
-57
-57
-57
-48
-48
-48
-48
-56
-48
-48
-48
-56
-48
-48
-48
-48
-57
-48
-48
-48
-48
-48
-57
-48
-48
-57
-56
-48
-47
-48
-56
-57
-57
-49
-49
-48
-48
-56
-48
-48
-49
-48
-49
-49
-48
-57
-55
-48
-49
-48
-48
-56
-48
-48
-48
-56
-49
-49
-48
-56
-49
-49
-48
-56
-56
-56
-56
-56
-49
-49
-49
-56
-56
-56
-49
-49
-49
-48
-48
-55
-47
-57
-56
-49
-49
-47
-57
-57
-49
-49
-48
-56
