-52
-55
-58
-58
-52
-53
-53
-57
-56
-52
-53
-52
-57
-56
-51
-53
-53
-59
-52
-53
-58
-53
-52
-57
-58
-52
-52
-57
-57
-52
-53
-53
-56
-53
-53
-53
-53
-55
-56
-53
-53
-56
-57
-53
-53
-53
-54
-53
-58
-54
-53
-53
-53
-59
-54
-52
-53
-53
-57
-57
-53
-53
-53
-53
-53
-57
-53
-53
-53
-58
-56
-53
-53
-52
-52
-57
-53
-53
-57
-53
-53
-53
-57
-58
-53
-53
-53
-56
-53
-52
-53
-56
-57
-56
-53
-53
-52
-57
-53
-52
-52
-53
-58
-57
-52
-52
-53
-58
-58
-57
-53
-53
-53
-57
-52
-53
-56
-57
-53
-53
-56
-57
-57
-53
-53
-57
-53
-57
-57
-53
-53
-52
-56
-53
-53
-57
-53
-53
-57
-58
-57
-53
-53
-53
-58
-53
-53
-53
-58
-53
-52
-58
-58
-58
-53
-53
-53
-56
-53
-52
-53
-57
-59
-53
-53
-53
-59
-54
-54
-53
-54
-52
-58
-55
-52
-51
-53
-53
-59
-59
-53
-53
-53
-54
-52
-55
-59
-56
-54
-55
-54
-54
-54
-59
-58
-59
-52
-55
-56
-62
-53
-53
-54
-57
-60
-57
-53
-57
-60
-60
-53
-56
-56
-60
-53
-53
-52
-56
-62
-62
-53
-53
-53
-53
-55
-56
-53
-56
-60
-60
-54
-55
-55
-60
-54
-54
-56
-55
-60
-54
-54
-56
-60
-55
-55
-56
-56
-60
-63
-55
-56
-56
-59
-59
-54
-55
-56
-56
-56
-55
-60
-55
-54
-55
-60
-60
-54
-54
-55
-55
-61
-61
-54
-54
-55
-55
-63
-53
-53
-54
-56
-63
