-58
-60
-52
-52
-55
-58
-50
-55
-55
-57
-51
-51
-51
-55
-58
-51
-52
-55
-55
-54
-57
-52
-52
-54
-54
-51
-55
-55
-55
-56
-56
-56
-52
-52
-51
-55
-54
-56
-56
-53
-54
-51
-54
-54
-54
-59
-51
-58
-51
-54
-58
-55
-52
-52
-57
-57
-52
-54
-57
-53
-54
-59
-57
-52
-57
-57
-55
-56
-51
-51
-50
-56
-56
-56
-50
-55
-55
-55
-56
-54
-54
-57
-57
-51
-51
-54
-54
-54
-57
-54
-51
-57
-57
-56
-54
-55
-55
-57
-51
-51
-55
-54
-57
-51
-54
-57
-51
-54
-54
-52
-54
-56
-51
-52
-54
-56
-55
-57
-51
-52
-57
-57
-51
-54
-55
-56
-51
-50
-54
-54
-55
-50
-51
-54
-54
-56
-50
-51
-55
-55
-56
-51
-50
-55
-56
-56
-50
-51
-55
-56
-50
-51
-57
-53
-52
-53
-52
-53
-54
-55
-55
-56
-56
-56
-56
-53
-56
-55
-55
-55
-57
-54
-54
-54
-55
-56
-57
-54
-55
-55
-56
-56
-52
-56
-58
-57
-56
-54
-54
-55
-55
-57
-59
-53
-54
-53
-55
-53
-51
-51
-54
-55
-55
-52
-52
-52
-54
-55
-52
-52
-55
-54
-56
-52
-53
-55
-55
-56
-52
-52
-54
-54
-57
-57
-52
-53
-54
-57
-57
-52
-52
-53
-54
-56
-57
-53
-52
-55
-57
-56
-52
-55
-54
-57
-52
-54
-54
-58
-59
-51
-51
-54
-59
-59
-59
-55
-57
-53
-53
