-55
-61
-62
-53
-53
-55
-62
-53
-54
-56
-62
-54
-54
-53
-57
-54
-56
-61
-54
-54
-54
-57
-63
-53
-53
-57
-62
-53
-53
-56
-62
-53
-55
-62
-54
-54
-56
-56
-66
-53
-53
-54
-54
-63
-52
-55
-54
-63
-63
-52
-52
-53
-63
-62
-52
-54
-64
-52
-52
-53
-65
-63
-64
-52
-52
-59
-52
-52
-53
-54
-53
-63
-64
-52
-52
-54
-64
-52
-52
-54
-54
-52
-52
-54
-64
-63
-52
-52
-54
-54
-53
-62
-63
-62
-63
-51
-53
-63
-52
-54
-62
-52
-52
-52
-54
-54
-62
-51
-51
-54
-62
-62
-52
-54
-54
-55
-64
-53
-60
-53
-53
-63
-60
-52
-56
-60
-52
-54
-54
-52
-52
-53
-61
-60
-51
-52
-56
-55
-54
-59
-62
-53
-53
-54
-54
-60
-51
-52
-56
-61
-54
-56
-62
-59
-51
-51
-52
-54
-55
-54
-54
-61
-62
-54
-52
-52
-52
-55
-55
-64
-64
-52
-55
-56
-57
-57
-62
-54
-55
-56
-55
-67
-67
-54
-53
-54
-54
-55
-70
-71
-70
-55
-54
-53
-56
-51
-49
-54
-58
-51
-52
-51
-66
-50
-65
-66
-55
-66
-52
-51
-54
-61
-52
-52
-62
-62
-61
-53
-56
-56
-62
-63
-62
-53
-52
-52
-53
-53
-56
-63
-63
-63
-53
-55
-62
-55
-58
-59
-61
-55
-57
-56
-56
-62
-55
-55
-54
-54
-56
-57
-55
-57
-62
-55
-64
-62
-54
-61
-58
-60
-54
-53
-53
-63
-68
-62
-59
-53
-61
-61
-65
