-68
-59
-61
-67
-58
-54
-58
-71
-68
-74
-57
-57
-58
-58
-72
-77
-57
-60
-60
-67
-59
-60
-65
-59
-60
-60
-64
-58
-60
-60
-67
-59
-60
-62
-69
-59
-63
-65
-61
-66
-63
-69
-62
-61
-59
-64
-64
-68
-64
-64
-67
-63
-66
-66
-64
-63
-63
-66
-65
-64
-63
-63
-64
-67
-66
-64
-64
-64
-64
-64
-63
-62
-62
-63
-63
-65
-68
-66
-56
-56
-62
-70
-69
-66
-54
-59
-60
-57
-57
-60
-70
-58
-58
-58
-59
-58
-72
-74
-74
-58
-59
-59
-72
-73
-57
-59
-72
-57
-59
-71
-63
-57
-64
-71
-73
-66
-60
-60
-62
-63
-64
-63
-61
-61
-63
-67
-56
-61
-64
-67
-64
-57
-57
-56
-63
-63
-72
-56
-57
-59
-59
-65
-55
-56
-56
-59
-59
-59
-64
-56
-57
-60
-59
-59
-62
-63
-57
-59
-62
-62
-64
-60
-58
-59
-67
-59
-61
-61
-60
-64
-60
-60
-60
-60
-60
-64
-55
-61
-66
-82
-58
-66
-72
-72
-61
-68
-78
-75
-60
-59
-60
-67
-67
-59
-56
-61
-60
-69
-59
-57
-56
-60
-65
-65
-56
-59
-58
-56
-61
-65
-56
-55
-55
-61
-70
-67
-56
-61
-59
-67
-65
-56
-59
-62
-65
-57
-58
-60
-69
-66
-72
-59
-64
-64
-62
-68
-58
-60
-60
-69
-69
-70
-57
-57
-60
-60
-70
-70
-57
-60
-57
-60
-70
-57
-58
-56
-71
-57
-57
-58
-58
-68
-57
