-53
-54
-55
-55
-56
-57
-57
-57
-53
-53
-55
-58
-53
-53
-53
-56
-58
-58
-54
-58
-58
-59
-59
-57
-58
-54
-54
-57
-56
-54
-54
-57
-58
-57
-58
-53
-54
-54
-54
-57
-57
-57
-54
-57
-57
-58
-58
-54
-57
-57
-59
-58
-54
-57
-57
-58
-57
-57
-57
-58
-54
-54
-56
-56
-58
-58
-55
-55
-57
-57
-58
-54
-57
-58
-58
-56
-60
-56
-52
-56
-58
-57
-51
-53
-49
-52
-59
-57
-57
-60
-60
-61
-53
-53
-56
-61
-53
-57
-56
-61
-53
-56
-61
-56
-56
-60
-53
-56
-61
-56
-61
-61
-53
-57
-60
-60
-60
-60
-54
-53
-54
-55
-60
-59
-52
-53
-59
-54
-54
-56
-61
-54
-56
-59
-54
-56
-61
-60
-54
-53
-55
-53
-53
-56
-63
-64
-55
-55
-59
-53
-53
-55
-56
-62
-63
-63
-53
-56
-56
-56
-60
-61
-53
-53
-56
-56
-63
-54
-55
-55
-56
-61
-59
-53
-54
-54
-55
-67
-54
-54
-56
-56
-65
-55
-56
-56
-62
-61
-62
-62
-54
-56
-56
-56
-60
-61
-61
-54
-55
-55
-63
-54
-54
-54
-54
-56
-54
-55
-55
-61
-53
-54
-56
-63
-54
-54
-56
-56
-56
-63
-63
-55
-56
-64
-65
-55
-56
-56
-57
-58
-62
-56
-56
-57
-63
-62
-56
-55
-59
-63
-64
-56
-57
-57
-65
-55
-55
-57
-65
-65
-55
-57
-63
-55
-55
-55
-56
-61
-62
-55
-55
-55
-57
