-59
-59
-56
-57
-56
-56
-58
-60
-59
-59
-60
-59
-58
-58
-60
-60
-58
-60
-59
-59
-58
-58
-58
-64
-65
-61
-59
-60
-58
-58
-60
-59
-59
-59
-60
-59
-59
-59
-60
-60
-61
-61
-58
-59
-61
-61
-59
-59
-58
-60
-58
-59
-59
-58
-60
-60
-58
-56
-59
-60
-60
-57
-60
-61
-58
-61
-63
-61
-60
-58
-58
-61
-60
-61
-60
-57
-63
-59
-59
-58
-58
-63
-62
-59
-59
-58
-57
-57
-58
-58
-57
-58
-57
-56
-58
-59
-59
-56
-56
-57
-58
-60
-55
-59
-57
-57
-57
-59
-57
-57
-56
-58
-59
-57
-58
-56
-56
-57
-58
-59
-59
-59
-58
-57
-57
-61
-59
-57
-56
-60
-59
-59
-58
-59
-57
-58
-57
-58
-58
-59
-57
-59
-59
-60
-56
-57
-60
-58
-58
-56
-58
-59
-60
-60
-58
-59
-58
-58
-61
-56
-59
-60
-58
-58
-59
-62
-58
-59
-59
-60
-61
-61
-59
-58
-58
-61
-58
-60
-58
-58
-58
-59
-57
-57
-60
-58
-61
-59
-59
-60
-60
-58
-58
-59
-61
-58
-60
-58
-58
-58
-58
-59
-58
-58
-58
-58
-59
-57
-57
-57
-56
-56
-56
-58
-57
-57
-57
-57
-56
-58
-58
-58
-58
-57
-57
-59
-58
-57
-57
-60
-56
-55
-54
-61
-54
-54
-55
-59
-56
-58
-58
-55
-55
-56
-56
-58
-58
-58
-59
-58
-56
-57
-59
-58
-56
-56
-57
-57
